102929
102931
102953
102967
102983
103001
103007
103043
103049
103067
103069
103079
103087
103091
103093
103099
103123
103141
103171
103177
103183
103217
103231
103237
103289
103291
103307
103319
103333
103349
103357
103387
103391
103393
103399
103409
103421
103423
103451
103457
103471
103483
103511
103529
103549
103553
103561
103567
103573
103577
103583
103591
103613
103619
103643
103651
103657
103669
103681
103687
103699
103703
103723
103769
103787
103801
103811
103813
103837
103841
103843
103867
103889
103903
103913
103919
103951
103963
103967
103969
103979
103981
103991
103993
103997
104003
104009
104021
104033
104047
104053
104059
104087
104089
104107
104113
104119
104123
104147
104149
104161
104173
104179
104183
104207
104231
104233
104239
104243
104281
104287
104297
104309
104311
104323
104327
104347
104369
104381
104383
104393
104399
104417
104459
104471
104473
104479
104491
104513
104527
104537
104543
104549
104551
104561
104579
104593
104597
104623
104639
104651
104659
104677
104681
104683
104693
104701
104707
104711
104717
104723
104729
104743
104759
104761
104773
104779
104789
104801
104803
104827
104831
104849
104851
104869
104879
104891
104911
104917
104933
104947
104953
104959
104971
104987
104999
105019
105023
105031
105037
105071
105097
105107
105137
105143
105167
105173
105199
105211
105227
105229
105239
105251
105253
105263
105269
105277
105319
105323
105331
105337
105341
105359
105361
105367
105373
105379
105389
105397
105401
105407
105437
105449
105467
105491
105499
105503
105509
105517
105527
105529
105533
105541
105557
105563
105601
105607
105613
105619
105649
105653
105667
105673
105683
105691
105701
105727
105733
105751
105761
105767
105769
105817
105829
105863
105871
105883
105899
105907
105913
105929
105943
105953
105967
105971
105977