100003
100019
100043
100049
100057
100069
100103
100109
100129
100151
100153
100169
100183
100189
100193
100207
100213
100237
100267
100271
100279
100291
100297
100313
100333
100343
100357
100361
100363
100379
100391
100393
100403
100411
100417
100447
100459
100469
100483
100493
100501
100511
100517
100519
100523
100537
100547
100549
100559
100591
100609
100613
100621
100649
100669
100673
100693
100699
100703
100733
100741
100747
100769
100787
100799
100801
100811
100823
100829
100847
100853
100907
100913
100927
100931
100937
100943
100957
100981
100987
100999
101009
101021
101027
101051
101063
101081
101089
101107
101111
101113
101117
101119
101141
101149
101159
101161
101173
101183
101197
101203
101207
101209
101221
101267
101273
101279
101281
101287
101293
101323
101333
101341
101347
101359
101363
101377
101383
101399
101411
101419
101429
101449
101467
101477
101483
101489
101501
101503
101513
101527
101531
101533
101537
101561
101573
101581
101599
101603
101611
101627
101641
101653
101663
101681
101693
101701
101719
101723
101737
101741
101747
101749
101771
101789
101797
101807
101833
101837
101839
101863
101869
101873
101879
101891
101917
101921
101929
101939
101957
101963
101977
101987
101999
102001
102013
102019
102023
102031
102043
102059
102061
102071
102077
102079
102101
102103
102107
102121
102139
102149
102161
102181
102191
102197
102199
102203
102217
102229
102233
102241
102251
102253
102259
102293
102299
102301
102317
102329
102337
102359
102367
102397
102407
102409
102433
102437
102451
102461
102481
102497
102499
102503
102523
102533
102539
102547
102551
102559
102563
102587
102593
102607
102611
102643
102647
102653
102667
102673
102677
102679
102701
102761
102763
102769
102793
102797
102811
102829
102841
102859
102871
102877
102881
102911
102913